HPFS10k
66.66 62.5 54.54 44.44 50 54.54 62.5 50 50 66.66 66.66 62.5 66.66 66.66 66.66 62.5 62.5 62.5 66.66 75

HPFS100k
60 66.6 66.6 66.6 71.4 70 66.6 54.5 63.6 70 61.5 66.6 60 55.5 72.7 55.5 66.6 58.33 66.6 58.33

HPFS1000
57.14285714 50 66.66666667 66.66666667 80 50 80 80 57.14285714 50 100 50 66.66666667 66.66666667 100 60 80 57.14285714 66.66666667 66.66666667


Interactions10k
5 5 6 6 6 6 5 6 6 5 5 5 5 5 5 6 6 5 6 6

UserPicked10k
6 8 11 9 10 11 8 10 10 6 6 8 6 6 6 8 8 8 9 8

Cost10k
260 257 266 260 261 262 265 261 257 267 267 257 267 270 267 262 261 257 262 262

Cost100k
231 229 229 229 229 234 228 230
HPFS10k
66.66 62.5 54.54 44.44 50 54.54 62.5 50 50 66.66 66.66 62.5 66.66 66.66 66.66 62.5 62.5 62.5 66.66 75

KnownDefects10k
25 26 25 25 26 24 27 26 25 23 23 25 23 25 23 25 26 25 24 25

FeaturesUsed10k
27 27 29 27 28 28 27 28 26 28 28 26 28 28 28 27 27 26 27 27

Score10k
0.01 0.01 0.01 0.01 0.01 0.01 0.01 0.01 0.01 0.01 0.01 0.01 0.01 0.01 0.015 0.01 0.01 0.01 0.015

Score100k
0.001 0.0015 0.001 0.001 0.001 0.001 0.001 0.001 0.001 0.001 0.001 0.001 0.001 0.001 0.0015 0.001 0.001 0.001 0.001

Score100
0.1 0.1 0.1 0.1 0.1 0.1 0.1 0.1 0.1 0.1 0.1 0.1 0.1 0.1 0.1 0.1 0.1 0.1 0.1 0.1

Score1000
0.01 0.01 0.02 0.02 0.01 0.02 0.01 0.02 0.02 0.02 0.02 0.02 0.01 0.01 0.02 0.02 0.02 0.02 0.02

ScoreB100
0.05 0.05 0.05 0.04 0.05 0.05 0.05 0.05 0.05 0.05 0.05 0.05 0.05 0.05 0.04 0.05 0.05 0.05 0.04

ScoreB1000
0.03 0.04 0.05 0.04 0.05 0.03 0.05 0.05 0.04 0.05 0.03 0.05 0.05 0.03 0.04 0.05 0.05 0.05 0.04

ScoreB10k
0.03 0.04 0.04 0.04 0.04 0.03 0.04 0.04 0.04 0.04 0.03 0.04 0.04 0.03 0.04 0.04 0.04 0.04 0.04

ScoreB100k
0.03 0.04 0.03 0.03 0.03 0.03 0.03 0.03 0.04 0.03 0.03 0.03 0.03 0.03 0.04 0.03 0.03 0.03 0.04

